toolbox/test.asc
ncols         753
nrows         438
xllcorner     19.000000
yllcorner     37.070833
cellsize      0.00416667
NODATA_value  -9999
[rows 333 to 369 of 438, columns 581 to 663 of 753]
-737 -739 -733 -726 -709 -689 -668 -648 -627 -606 -581 -558 -544 -529 -517 -504 -488 -468 -450 -433 -413 -395 -379 -361 -341 -317 -287 -243 -195 -159 -136 -124 -115 -105 -94 -81 -63 -41 -23 -14 -8 -4 -3 -2 -4 -6 -5 -4 -3 2 21 52 96 84 69 114 169 203 167 121 172 193 127 119 161 189 192 248 341 396 457 509 569 591 601 661 768 791 755 765 779 745 699
-748 -752 -749 -747 -735 -718 -699 -676 -648 -625 -607 -587 -571 -552 -535 -521 -505 -489 -477 -459 -440 -419 -401 -384 -364 -343 -319 -285 -236 -186 -153 -136 -124 -114 -105 -94 -81 -62 -41 -24 -15 -8 -4 -3 -3 -3 -6 -5 -4 -2 5 31 55 46 65 107 134 121 106 131 158 127 98 98 112 120 186 278 316 365 430 452 469 501 546 601 695 736 803 850 864 816 793
-757 -762 -761 -757 -753 -743 -725 -699 -670 -648 -631 -614 -595 -574 -556 -538 -523 -509 -496 -484 -467 -445 -423 -405 -387 -371 -350 -322 -283 -229 -182 -155 -138 -124 -114 -104 -94 -81 -62 -43 -26 -14 -8 -4 -1 1 -5 -7 -6 -4 -1 6 14 22 51 86 84 81 135 149 90 82 108 135 155 151 200 264 268 282 332 364 399 479 563 638 717 762 826 908 957 922 977
-763 -767 -770 -766 -763 -759 -745 -721 -697 -677 -658 -639 -615 -595 -576 -559 -543 -527 -514 -502 -486 -464 -443 -426 -411 -396 -374 -350 -325 -284 -233 -194 -164 -142 -125 -114 -103 -93 -79 -62 -42 -24 -13 -7 -4 -2 -6 -8 -6 -4 -1 3 7 15 45 61 55 95 140 90 71 119 164 207 234 219 218 243 255 281 308 350 404 472 549 622 682 717 782 872 922 986 1119
-774 -775 -776 -777 -772 -767 -758 -742 -722 -705 -683 -660 -637 -616 -597 -578 -560 -546 -531 -514 -496 -477 -463 -448 -432 -413 -394 -375 -354 -326 -289 -242 -197 -166 -139 -124 -115 -103 -91 -78 -61 -41 -22 -12 -6 -3 -2 -5 -6 -3 0 3 5 14 29 37 49 96 103 58 92 148 210 272 309 327 342 326 311 347 382 410 468 525 606 677 698 706 740 778 823 926 1068
-785 -786 -785 -785 -782 -777 -770 -757 -740 -723 -704 -683 -661 -638 -620 -600 -581 -565 -544 -525 -508 -495 -483 -468 -450 -432 -414 -396 -376 -348 -315 -281 -240 -199 -162 -148 -134 -114 -101 -89 -77 -60 -37 -21 -11 -5 -2 -1 -2 -2 1 2 5 10 18 27 54 88 52 59 114 177 229 289 341 372 384 374 377 404 431 454 486 505 557 607 629 687 719 737 782 852 958
-796 -796 -795 -793 -791 -786 -775 -763 -753 -741 -725 -706 -685 -662 -643 -624 -605 -590 -572 -549 -529 -516 -500 -484 -467 -452 -435 -418 -395 -361 -339 -327 -300 -261 -215 -182 -151 -121 -108 -98 -87 -74 -54 -34 -19 -10 -4 -2 -1 0 1 3 7 10 14 23 49 55 39 65 107 160 211 250 274 328 362 343 380 406 417 434 467 519 603 658 672 691 721 758 793 872 949
-807 -805 -803 -804 -799 -790 -781 -771 -762 -755 -742 -725 -706 -687 -668 -652 -644 -640 -623 -594 -565 -539 -518 -502 -489 -474 -457 -437 -413 -391 -378 -362 -333 -304 -261 -194 -149 -125 -114 -105 -94 -84 -69 -49 -30 -17 -9 -3 -1 0 1 3 7 10 14 20 28 30 44 69 116 159 169 196 221 264 275 326 349 364 397 464 523 575 611 639 665 703 713 752 828 936 993
-819 -817 -813 -810 -802 -793 -785 -778 -770 -765 -756 -741 -726 -718 -713 -708 -717 -719 -692 -648 -609 -570 -547 -537 -521 -501 -480 -455 -438 -431 -419 -401 -363 -317 -263 -218 -174 -137 -121 -110 -101 -91 -80 -64 -43 -26 -14 -7 -3 -2 0 2 5 9 13 22 45 64 68 75 114 114 113 129 152 205 245 281 339 393 445 497 506 514 593 682 725 769 777 780 817 928 994
-831 -832 -825 -813 -803 -796 -790 -786 -782 -776 -768 -762 -760 -765 -775 -782 -791 -787 -762 -713 -675 -647 -630 -618 -577 -538 -515 -488 -479 -476 -475 -436 -382 -342 -307 -279 -230 -169 -132 -116 -107 -98 -88 -75 -58 -38 -22 -13 -6 -3 -2 2 3 6 9 12 31 78 101 97 90 99 137 166 190 239 283 315 348 368 416 433 458 542 600 640 671 718 736 785 823 892 895
-841 -844 -828 -816 -810 -805 -800 -798 -793 -786 -783 -795 -804 -806 -806 -810 -814 -805 -800 -788 -759 -749 -735 -717 -670 -613 -586 -568 -549 -537 -509 -442 -409 -385 -361 -333 -281 -214 -159 -128 -113 -104 -94 -83 -70 -52 -34 -20 -11 -5 -3 0 3 4 6 9 19 47 63 57 92 137 148 172 206 275 327 322 333 375 451 523 539 619 672 706 687 699 735 756 770 840 821
-846 -855 -831 -820 -816 -813 -812 -809 -802 -789 -796 -820 -826 -831 -836 -834 -830 -823 -828 -814 -796 -797 -791 -785 -754 -702 -683 -681 -634 -570 -508 -472 -453 -434 -404 -369 -328 -264 -204 -154 -121 -109 -100 -90 -80 -65 -47 -31 -17 -9 -4 -2 0 3 5 9 16 33 40 63 102 100 102 146 195 244 252 297 387 446 491 546 581 644 681 704 684 689 680 661 661 722 710
-851 -861 -839 -827 -825 -828 -830 -827 -816 -805 -819 -843 -848 -859 -866 -866 -862 -857 -860 -851 -853 -860 -855 -854 -830 -791 -780 -737 -673 -620 -573 -539 -508 -471 -438 -402 -362 -308 -252 -193 -142 -115 -106 -96 -86 -75 -59 -42 -26 -14 -6 -2 -1 2 5 10 16 24 36 55 63 88 112 130 152 197 270 333 371 421 486 520 527 555 578 591 598 599 592 571 591 633 645
-866 -879 -854 -845 -853 -867 -875 -877 -874 -871 -882 -895 -896 -904 -907 -911 -909 -903 -903 -903 -908 -903 -892 -887 -886 -876 -828 -744 -693 -678 -634 -588 -540 -507 -481 -431 -381 -344 -298 -235 -172 -129 -111 -102 -92 -82 -70 -53 -36 -22 -12 -5 -2 -1 4 8 13 18 35 72 88 105 135 163 205 252 315 370 362 380 418 440 463 464 489 513 558 553 547 578 654 685 700
-901 -922 -901 -895 -911 -935 -941 -945 -948 -944 -946 -948 -947 -947 -946 -945 -941 -936 -930 -925 -920 -913 -903 -891 -884 -878 -838 -766 -705 -663 -603 -545 -520 -509 -494 -449 -410 -377 -329 -265 -199 -142 -115 -107 -98 -88 -77 -62 -46 -31 -19 -10 -4 -2 2 5 8 18 41 56 56 65 99 141 182 236 276 309 322 360 399 432 427 425 458 507 553 490 521 607 642 626 637
-939 -960 -961 -961 -971 -975 -971 -965 -964 -960 -958 -959 -958 -955 -952 -950 -946 -942 -939 -937 -929 -917 -904 -893 -888 -882 -843 -774 -712 -674 -625 -572 -538 -508 -488 -465 -432 -388 -340 -289 -219 -146 -121 -111 -102 -93 -84 -71 -56 -41 -27 -15 -7 -3 -2 2 4 15 29 30 44 78 111 113 159 216 231 263 284 352 374 375 386 419 456 448 424 413 488 516 489 456 438
-964 -968 -971 -976 -980 -978 -973 -972 -973 -969 -967 -967 -965 -963 -961 -957 -951 -947 -943 -937 -928 -915 -904 -897 -895 -895 -869 -800 -731 -685 -650 -628 -598 -561 -524 -485 -445 -400 -356 -307 -239 -165 -127 -114 -106 -98 -89 -78 -64 -50 -35 -22 -12 -5 -2 1 4 10 33 57 67 79 80 95 145 195 178 180 214 264 309 314 351 376 388 329 290 317 362 391 378 358 354
-967 -965 -970 -977 -980 -980 -976 -977 -978 -977 -974 -970 -970 -968 -965 -962 -957 -950 -944 -937 -930 -922 -915 -910 -905 -897 -875 -815 -751 -717 -689 -666 -642 -609 -563 -506 -464 -424 -379 -327 -266 -195 -143 -120 -110 -102 -93 -84 -73 -58 -44 -30 -17 -9 -4 -1 3 7 30 68 70 70 107 126 153 196 158 193 217 213 222 223 240 241 257 243 259 283 313 327 320 300 336
-976 -968 -966 -975 -980 -980 -980 -980 -981 -980 -977 -974 -972 -969 -964 -960 -955 -949 -945 -942 -939 -934 -929 -924 -914 -897 -871 -822 -774 -743 -715 -691 -667 -635 -595 -545 -498 -455 -398 -347 -298 -234 -173 -129 -114 -106 -98 -89 -79 -66 -51 -37 -24 -13 -6 -2 1 3 17 50 61 100 130 130 144 140 121 157 146 130 140 154 169 189 213 240 248 283 320 268 249 273 339
-986 -981 -973 -972 -977 -981 -983 -983 -982 -981 -980 -977 -975 -972 -967 -961 -951 -941 -937 -937 -936 -935 -931 -926 -917 -903 -874 -824 -784 -753 -727 -707 -686 -660 -629 -583 -527 -478 -430 -376 -321 -263 -203 -148 -119 -110 -102 -94 -85 -73 -59 -45 -32 -19 -10 -4 -2 1 11 29 64 91 89 93 95 112 121 95 112 133 150 190 214 245 258 271 231 262 282 229 261 289 302
-988 -988 -988 -982 -976 -983 -984 -985 -981 -977 -978 -978 -977 -974 -968 -961 -955 -947 -938 -933 -931 -929 -925 -913 -894 -868 -838 -804 -777 -753 -730 -711 -692 -671 -644 -609 -566 -506 -455 -408 -351 -291 -233 -173 -128 -115 -107 -99 -90 -80 -66 -52 -39 -26 -15 -7 -2 -1 4 21 56 82 64 78 100 92 88 109 145 193 224 260 265 233 228 261 219 223 222 210 253 244 319
-990 -991 -992 -990 -986 -985 -984 -984 -978 -971 -974 -976 -975 -972 -969 -964 -956 -947 -936 -927 -913 -897 -882 -862 -837 -805 -786 -771 -753 -736 -717 -700 -680 -660 -637 -606 -573 -532 -485 -438 -383 -324 -265 -201 -145 -120 -111 -103 -94 -84 -72 -59 -46 -33 -21 -11 -4 -2 0 5 30 50 36 44 57 76 105 162 224 251 244 244 226 206 190 232 206 198 178 225 209 238 316
-993 -994 -994 -992 -989 -986 -982 -982 -979 -976 -975 -971 -969 -965 -956 -943 -927 -918 -907 -881 -859 -835 -819 -805 -791 -772 -754 -738 -722 -706 -692 -678 -658 -638 -618 -595 -573 -549 -512 -468 -415 -356 -296 -233 -171 -127 -115 -107 -98 -89 -79 -66 -53 -40 -27 -16 -8 -3 -2 1 12 36 68 102 150 180 187 224 263 247 212 233 246 229 181 203 194 141 189 240 180 217 254
-996 -994 -993 -990 -987 -986 -984 -982 -979 -972 -958 -943 -935 -925 -908 -884 -860 -853 -844 -809 -799 -795 -792 -784 -767 -756 -744 -726 -711 -696 -682 -668 -651 -636 -620 -601 -580 -558 -530 -494 -447 -387 -323 -262 -202 -142 -119 -111 -103 -95 -85 -72 -59 -46 -34 -22 -12 -5 -2 0 9 43 99 158 222 197 182 226 191 208 184 213 223 217 162 147 145 145 216 257 181 212 205
-996 -994 -991 -988 -986 -986 -984 -973 -953 -933 -908 -886 -872 -860 -845 -829 -815 -805 -798 -789 -777 -768 -758 -748 -740 -739 -731 -717 -703 -688 -674 -661 -648 -635 -618 -599 -580 -560 -538 -509 -467 -418 -358 -297 -239 -175 -131 -115 -106 -99 -90 -78 -65 -53 -40 -29 -17 -8 -3 -2 1 26 77 142 197 157 131 171 167 156 165 156 230 243 183 104 159 227 263 245 160 176 184
-995 -992 -990 -987 -986 -979 -962 -934 -899 -876 -862 -852 -843 -836 -826 -815 -799 -785 -775 -768 -762 -756 -746 -734 -722 -714 -706 -698 -686 -670 -658 -649 -637 -622 -604 -587 -571 -554 -536 -513 -480 -438 -386 -330 -277 -214 -154 -121 -111 -103 -95 -84 -71 -58 -47 -37 -24 -13 -5 -2 -3 5 41 92 131 121 88 96 102 105 126 109 193 251 222 120 122 195 207 179 121 123 129
-992 -991 -988 -977 -959 -940 -911 -886 -870 -857 -844 -833 -823 -813 -806 -800 -788 -773 -760 -752 -744 -736 -729 -721 -711 -704 -693 -679 -666 -655 -643 -632 -622 -611 -595 -576 -560 -546 -530 -508 -479 -448 -403 -350 -302 -246 -187 -140 -117 -108 -100 -90 -77 -64 -54 -47 -33 -19 -9 -4 -3 -1 9 39 74 83 62 37 27 30 46 90 140 141 137 96 90 138 115 90 74 70 73
-990 -980 -963 -938 -906 -888 -874 -862 -852 -841 -828 -814 -806 -799 -789 -777 -770 -763 -752 -741 -729 -719 -713 -706 -695 -687 -681 -671 -660 -645 -631 -617 -604 -594 -579 -562 -551 -541 -525 -499 -470 -446 -416 -370 -325 -278 -219 -162 -123 -112 -105 -95 -83 -72 -65 -60 -44 -27 -14 -5 -3 -2 2 8 20 21 20 17 19 23 29 34 44 50 61 60 57 62 61 65 74 86 101
-981 -950 -917 -898 -884 -875 -866 -855 -844 -832 -821 -808 -799 -794 -785 -772 -762 -757 -748 -735 -723 -713 -705 -697 -687 -675 -669 -658 -647 -631 -618 -608 -593 -580 -568 -557 -545 -531 -515 -493 -470 -448 -425 -396 -356 -306 -237 -171 -133 -117 -109 -101 -91 -86 -78 -67 -51 -34 -19 -9 -3 -2 1 3 6 9 11 18 40 44 71 95 113 145 160 154 143 140 150 168 195 240 284
-957 -926 -907 -895 -883 -877 -872 -861 -849 -837 -827 -817 -805 -795 -787 -776 -766 -758 -747 -736 -724 -713 -703 -695 -685 -672 -660 -647 -635 -624 -611 -595 -582 -573 -567 -556 -537 -519 -505 -487 -468 -450 -430 -402 -359 -308 -253 -195 -151 -123 -115 -113 -113 -109 -96 -75 -57 -41 -26 -14 -7 -3 -1 2 6 11 23 40 75 91 85 143 163 225 286 304 287 280 291 343 398 462 489
-933 -920 -909 -899 -888 -877 -867 -856 -846 -836 -827 -818 -806 -793 -783 -774 -764 -755 -744 -734 -721 -708 -696 -684 -674 -664 -651 -638 -628 -620 -608 -590 -579 -569 -557 -541 -522 -507 -495 -474 -451 -433 -414 -386 -355 -318 -269 -220 -173 -137 -132 -144 -144 -127 -108 -85 -63 -45 -31 -18 -9 -4 -2 1 5 21 61 97 135 198 194 202 192 197 257 351 418 444 452 475 523 584 588
-926 -915 -904 -894 -885 -875 -865 -853 -844 -835 -826 -816 -806 -794 -782 -770 -758 -746 -733 -721 -708 -695 -684 -674 -663 -652 -640 -625 -612 -598 -586 -574 -564 -560 -553 -534 -515 -498 -483 -466 -441 -418 -405 -385 -356 -331 -295 -249 -202 -163 -147 -157 -155 -135 -109 -89 -69 -49 -35 -24 -13 -6 -3 -1 8 38 94 146 198 238 257 292 262 275 319 290 398 509 561 575 630 709 669
-924 -912 -901 -892 -885 -878 -867 -853 -844 -834 -822 -811 -801 -789 -777 -763 -750 -735 -720 -708 -695 -682 -671 -662 -649 -638 -628 -615 -604 -590 -575 -561 -553 -549 -540 -525 -511 -499 -486 -471 -450 -429 -413 -394 -369 -351 -323 -272 -216 -173 -136 -131 -141 -127 -103 -91 -74 -56 -41 -30 -18 -9 -4 2 9 62 104 152 204 262 286 287 261 296 362 327 357 517 618 668 707 779 756
-923 -911 -902 -895 -887 -878 -868 -857 -847 -835 -823 -811 -799 -787 -773 -760 -746 -730 -711 -697 -684 -674 -662 -649 -636 -629 -623 -609 -597 -585 -571 -558 -548 -538 -525 -511 -497 -487 -477 -463 -451 -439 -422 -404 -379 -352 -322 -281 -215 -157 -132 -125 -119 -115 -106 -93 -79 -64 -50 -37 -24 -13 -7 -3 0 26 112 163 216 264 296 315 289 296 351 345 334 475 583 657 687 745 709
-924 -913 -904 -896 -888 -878 -869 -858 -847 -836 -825 -812 -798 -786 -775 -759 -739 -722 -701 -684 -670 -657 -642 -629 -617 -607 -605 -599 -587 -577 -564 -550 -534 -518 -501 -489 -479 -470 -463 -452 -442 -429 -414 -395 -372 -348 -322 -289 -225 -156 -133 -127 -120 -116 -111 -98 -85 -71 -58 -44 -30 -18 -9 -3 -6 10 94 184 221 265 303 335 351 339 349 341 315 402 498 536 564 667 630
-928 -919 -909 -898 -889 -880 -870 -859 -848 -837 -826 -813 -798 -788 -777 -756 -730 -715 -699 -690 -680 -659 -644 -630 -616 -601 -593 -589 -583 -572 -556 -544 -527 -510 -493 -483 -469 -451 -437 -429 -430 -423 -408 -387 -365 -343 -318 -284 -234 -186 -151 -132 -125 -119 -112 -102 -91 -79 -66 -52 -39 -24 -13 -5 -2 13 87 152 228 272 291 311 328 350 367 376 389 367 368 410 521 615 545
-928 -920 -910 -900 -890 -882 -871 -860 -848 -835 -826 -814 -800 -791 -774 -753 -737 -722 -706 -701 -694 -669 -653 -637 -620 -602 -585 -578 -577 -564 -544 -538 -523 -502 -488 -478 -458 -438 -431 -427 -425 -418 -403 -380 -360 -344 -322 -289 -246 -206 -161 -131 -127 -121 -115 -108 -99 -89 -75 -61 -47 -31 -17 -8 -3 2 32 115 198 238 249 261 298 346 376 412 448 425 368 362 397 457 471
