toolbox/test.asc
ncols         753
nrows         438
xllcorner     19.000000
yllcorner     37.070833
cellsize      0.00416667
NODATA_value  -9999
[rows 111 to 147 of 438, columns 83 to 165 of 753]
-3604 -3608 -3613 -3617 -3622 -3626 -3630 -3633 -3634 -3633 -3632 -3630 -3627 -3623 -3619 -3612 -3606 -3599 -3593 -3590 -3589 -3592 -3597 -3603 -3608 -3609 -3604 -3589 -3569 -3544 -3510 -3458 -3384 -3298 -3207 -3115 -3032 -2955 -2873 -2804 -2752 -2736 -2730 -2697 -2587 -2439 -2359 -2304 -2226 -2176 -2164 -2160 -2150 -2121 -2076 -2068 -2079 -2087 -2092 -2096 -2098 -2100 -2104 -2112 -2125 -2138 -2152 -2167 -2177 -2177 -2174 -2180 -2200 -2211 -2225 -2230 -2229 -2221 -2210 -2196 -2173 -2161 -2158
-3601 -3604 -3608 -3612 -3615 -3619 -3622 -3624 -3625 -3626 -3626 -3625 -3624 -3622 -3618 -3612 -3605 -3598 -3591 -3584 -3580 -3580 -3584 -3590 -3596 -3601 -3599 -3584 -3564 -3541 -3508 -3453 -3368 -3270 -3168 -3068 -2972 -2887 -2810 -2749 -2717 -2688 -2644 -2552 -2435 -2356 -2336 -2295 -2198 -2137 -2138 -2149 -2154 -2147 -2113 -2096 -2101 -2108 -2114 -2118 -2122 -2125 -2131 -2141 -2155 -2170 -2185 -2201 -2214 -2220 -2215 -2215 -2230 -2235 -2248 -2261 -2274 -2264 -2238 -2220 -2194 -2174 -2168
-3598 -3601 -3604 -3607 -3610 -3613 -3615 -3617 -3618 -3619 -3619 -3620 -3621 -3620 -3617 -3610 -3602 -3594 -3584 -3573 -3565 -3561 -3562 -3567 -3574 -3581 -3582 -3569 -3551 -3532 -3503 -3446 -3349 -3235 -3120 -3011 -2911 -2822 -2744 -2683 -2641 -2596 -2521 -2430 -2366 -2337 -2304 -2240 -2162 -2124 -2132 -2149 -2158 -2162 -2150 -2137 -2132 -2135 -2139 -2144 -2149 -2154 -2162 -2173 -2189 -2207 -2225 -2240 -2252 -2258 -2247 -2242 -2270 -2298 -2324 -2357 -2359 -2332 -2306 -2270 -2224 -2197 -2183
-3598 -3598 -3600 -3602 -3604 -3606 -3608 -3609 -3610 -3611 -3612 -3613 -3615 -3616 -3614 -3607 -3598 -3585 -3571 -3553 -3539 -3530 -3528 -3530 -3535 -3543 -3546 -3536 -3522 -3510 -3489 -3429 -3318 -3186 -3058 -2941 -2836 -2746 -2669 -2603 -2549 -2492 -2416 -2357 -2322 -2297 -2257 -2198 -2152 -2130 -2138 -2154 -2168 -2176 -2177 -2171 -2164 -2165 -2167 -2172 -2178 -2185 -2195 -2209 -2227 -2246 -2266 -2284 -2295 -2297 -2287 -2291 -2337 -2398 -2446 -2486 -2496 -2474 -2430 -2335 -2286 -2256 -2220
-3597 -3596 -3596 -3597 -3599 -3600 -3601 -3602 -3603 -3604 -3605 -3606 -3610 -3614 -3613 -3605 -3592 -3575 -3554 -3528 -3504 -3487 -3478 -3476 -3478 -3486 -3492 -3482 -3471 -3466 -3459 -3403 -3268 -3115 -2974 -2850 -2743 -2655 -2583 -2520 -2465 -2409 -2353 -2312 -2282 -2257 -2219 -2173 -2147 -2136 -2143 -2158 -2176 -2189 -2195 -2193 -2191 -2193 -2195 -2201 -2208 -2218 -2231 -2247 -2267 -2286 -2303 -2322 -2334 -2345 -2372 -2384 -2414 -2504 -2567 -2579 -2601 -2600 -2540 -2419 -2360 -2311 -2263
-3597 -3595 -3594 -3594 -3595 -3596 -3597 -3598 -3598 -3599 -3600 -3601 -3606 -3612 -3613 -3603 -3586 -3563 -3533 -3496 -3460 -3430 -3409 -3399 -3396 -3401 -3406 -3394 -3383 -3379 -3375 -3319 -3170 -3004 -2854 -2728 -2626 -2548 -2485 -2431 -2383 -2338 -2297 -2266 -2239 -2217 -2189 -2156 -2140 -2136 -2144 -2161 -2183 -2199 -2208 -2211 -2213 -2217 -2222 -2230 -2240 -2251 -2267 -2287 -2308 -2327 -2344 -2357 -2366 -2405 -2482 -2531 -2562 -2634 -2663 -2635 -2636 -2620 -2566 -2480 -2393 -2319 -2287
-3599 -3596 -3594 -3594 -3594 -3595 -3596 -3596 -3595 -3597 -3598 -3600 -3604 -3612 -3614 -3602 -3579 -3549 -3509 -3459 -3407 -3359 -3320 -3295 -3283 -3281 -3279 -3270 -3258 -3244 -3216 -3144 -3011 -2853 -2699 -2574 -2489 -2427 -2378 -2339 -2304 -2269 -2240 -2218 -2197 -2180 -2161 -2140 -2133 -2135 -2146 -2164 -2188 -2208 -2220 -2227 -2234 -2243 -2252 -2262 -2272 -2285 -2302 -2323 -2344 -2365 -2388 -2401 -2419 -2486 -2578 -2672 -2737 -2761 -2739 -2706 -2688 -2643 -2574 -2499 -2425 -2365 -2346
-3603 -3598 -3595 -3594 -3595 -3596 -3597 -3597 -3596 -3597 -3598 -3599 -3603 -3612 -3617 -3602 -3575 -3540 -3489 -3421 -3347 -3277 -3216 -3174 -3153 -3142 -3136 -3130 -3118 -3092 -3043 -2961 -2845 -2698 -2539 -2415 -2355 -2313 -2280 -2258 -2234 -2205 -2182 -2172 -2163 -2151 -2136 -2126 -2126 -2133 -2146 -2168 -2195 -2217 -2234 -2248 -2262 -2278 -2289 -2298 -2310 -2324 -2341 -2359 -2377 -2394 -2415 -2443 -2487 -2569 -2668 -2771 -2837 -2831 -2809 -2781 -2748 -2685 -2619 -2548 -2474 -2416 -2422
-3609 -3602 -3597 -3596 -3596 -3597 -3598 -3598 -3597 -3596 -3597 -3599 -3603 -3610 -3612 -3598 -3573 -3536 -3476 -3384 -3283 -3188 -3106 -3049 -3021 -3006 -2999 -2997 -2987 -2957 -2902 -2821 -2719 -2586 -2432 -2314 -2273 -2243 -2217 -2205 -2187 -2162 -2144 -2140 -2137 -2130 -2120 -2114 -2118 -2130 -2148 -2174 -2206 -2234 -2260 -2282 -2304 -2324 -2336 -2344 -2357 -2371 -2384 -2398 -2414 -2417 -2416 -2454 -2534 -2653 -2752 -2861 -2968 -2948 -2913 -2895 -2842 -2771 -2705 -2636 -2548 -2470 -2467
-3617 -3608 -3603 -3599 -3598 -3598 -3598 -3597 -3595 -3593 -3593 -3594 -3595 -3596 -3593 -3583 -3568 -3540 -3470 -3345 -3208 -3090 -2994 -2928 -2895 -2881 -2877 -2880 -2877 -2855 -2808 -2739 -2650 -2538 -2410 -2308 -2262 -2230 -2204 -2188 -2169 -2148 -2133 -2129 -2127 -2122 -2116 -2113 -2119 -2134 -2157 -2190 -2229 -2268 -2303 -2333 -2361 -2384 -2397 -2405 -2414 -2424 -2432 -2441 -2453 -2454 -2450 -2493 -2587 -2703 -2791 -2944 -3096 -3093 -3035 -3023 -2984 -2918 -2843 -2758 -2673 -2580 -2543
-3625 -3616 -3610 -3604 -3600 -3599 -3598 -3596 -3591 -3586 -3583 -3581 -3579 -3576 -3568 -3556 -3540 -3510 -3425 -3263 -3098 -2973 -2872 -2803 -2773 -2765 -2768 -2780 -2792 -2786 -2752 -2698 -2625 -2531 -2426 -2337 -2284 -2247 -2216 -2191 -2168 -2148 -2134 -2130 -2128 -2124 -2119 -2117 -2125 -2143 -2172 -2214 -2263 -2314 -2360 -2399 -2434 -2460 -2474 -2479 -2484 -2490 -2492 -2490 -2490 -2504 -2524 -2569 -2662 -2773 -2885 -3080 -3211 -3214 -3196 -3159 -3128 -3079 -2991 -2888 -2817 -2718 -2626
-3633 -3624 -3617 -3609 -3604 -3600 -3598 -3594 -3585 -3576 -3568 -3562 -3555 -3547 -3532 -3508 -3472 -3418 -3317 -3155 -2994 -2873 -2763 -2688 -2670 -2669 -2676 -2700 -2733 -2747 -2730 -2688 -2630 -2551 -2462 -2385 -2332 -2289 -2250 -2215 -2185 -2162 -2147 -2143 -2141 -2134 -2127 -2124 -2132 -2154 -2189 -2240 -2303 -2368 -2428 -2479 -2521 -2552 -2568 -2573 -2573 -2573 -2575 -2555 -2533 -2541 -2577 -2655 -2759 -2864 -3011 -3234 -3367 -3398 -3356 -3304 -3260 -3214 -3115 -3000 -2918 -2812 -2688
-3639 -3630 -3622 -3613 -3606 -3600 -3595 -3587 -3574 -3560 -3548 -3537 -3525 -3511 -3489 -3455 -3408 -3345 -3250 -3116 -2975 -2843 -2716 -2630 -2616 -2618 -2626 -2659 -2706 -2737 -2736 -2707 -2664 -2601 -2525 -2456 -2408 -2363 -2318 -2279 -2241 -2207 -2183 -2177 -2170 -2159 -2144 -2137 -2145 -2168 -2207 -2269 -2350 -2432 -2509 -2572 -2622 -2664 -2686 -2695 -2686 -2683 -2693 -2673 -2642 -2622 -2671 -2772 -2846 -2920 -3051 -3238 -3413 -3522 -3515 -3462 -3401 -3345 -3256 -3141 -3029 -2917 -2793
-3643 -3633 -3623 -3613 -3603 -3594 -3584 -3572 -3556 -3539 -3523 -3507 -3490 -3470 -3443 -3407 -3358 -3294 -3210 -3102 -2980 -2853 -2732 -2649 -2624 -2619 -2626 -2659 -2711 -2755 -2775 -2767 -2737 -2688 -2625 -2566 -2519 -2472 -2425 -2382 -2337 -2292 -2256 -2237 -2220 -2200 -2178 -2165 -2168 -2188 -2231 -2305 -2403 -2508 -2610 -2694 -2756 -2811 -2841 -2843 -2817 -2816 -2838 -2853 -2833 -2806 -2836 -2938 -3005 -3030 -3116 -3252 -3440 -3604 -3634 -3600 -3544 -3481 -3392 -3267 -3141 -3029 -2917
-3644 -3633 -3622 -3610 -3598 -3585 -3570 -3555 -3536 -3517 -3497 -3476 -3456 -3432 -3404 -3369 -3323 -3263 -3188 -3099 -2994 -2883 -2777 -2700 -2664 -2650 -2654 -2686 -2745 -2805 -2848 -2861 -2840 -2801 -2755 -2706 -2657 -2608 -2557 -2506 -2452 -2399 -2353 -2320 -2289 -2257 -2225 -2204 -2199 -2212 -2256 -2342 -2462 -2595 -2735 -2854 -2933 -2992 -3031 -3036 -2999 -2981 -3002 -3035 -3036 -3036 -3072 -3164 -3267 -3283 -3334 -3472 -3586 -3659 -3660 -3657 -3645 -3612 -3542 -3429 -3299 -3162 -3023
-3644 -3633 -3621 -3607 -3592 -3576 -3558 -3539 -3518 -3496 -3472 -3449 -3428 -3405 -3378 -3347 -3305 -3250 -3184 -3109 -3022 -2928 -2836 -2765 -2729 -2712 -2715 -2751 -2819 -2889 -2941 -2964 -2951 -2922 -2890 -2852 -2806 -2754 -2699 -2641 -2580 -2517 -2461 -2416 -2372 -2326 -2280 -2246 -2231 -2237 -2278 -2377 -2524 -2688 -2859 -3009 -3109 -3176 -3230 -3265 -3232 -3184 -3190 -3213 -3225 -3246 -3293 -3364 -3475 -3532 -3547 -3598 -3656 -3663 -3656 -3648 -3655 -3657 -3645 -3570 -3387 -3215 -3070
-3645 -3633 -3619 -3605 -3589 -3570 -3549 -3526 -3503 -3478 -3452 -3429 -3410 -3390 -3367 -3340 -3303 -3254 -3197 -3136 -3066 -2990 -2914 -2855 -2822 -2808 -2814 -2851 -2918 -2985 -3030 -3048 -3045 -3033 -3018 -2993 -2953 -2904 -2848 -2785 -2718 -2648 -2583 -2527 -2470 -2409 -2348 -2297 -2271 -2269 -2307 -2417 -2590 -2783 -2966 -3141 -3274 -3360 -3411 -3429 -3406 -3384 -3385 -3396 -3410 -3431 -3484 -3532 -3590 -3630 -3643 -3658 -3673 -3669 -3657 -3646 -3652 -3634 -3566 -3444 -3255 -3086 -2950
-3646 -3633 -3619 -3605 -3588 -3567 -3543 -3518 -3493 -3466 -3438 -3415 -3398 -3383 -3365 -3343 -3313 -3274 -3229 -3180 -3125 -3067 -3009 -2962 -2934 -2922 -2928 -2958 -3010 -3061 -3091 -3103 -3115 -3129 -3135 -3126 -3097 -3055 -3002 -2938 -2865 -2789 -2717 -2651 -2583 -2509 -2431 -2363 -2321 -2305 -2335 -2454 -2653 -2863 -3068 -3253 -3417 -3526 -3555 -3570 -3575 -3567 -3560 -3562 -3558 -3548 -3588 -3635 -3660 -3670 -3672 -3675 -3672 -3669 -3666 -3662 -3655 -3584 -3413 -3221 -3037 -2858 -2711
-3649 -3636 -3622 -3608 -3590 -3569 -3543 -3516 -3489 -3460 -3430 -3407 -3395 -3385 -3373 -3359 -3338 -3308 -3274 -3238 -3198 -3154 -3109 -3073 -3050 -3039 -3041 -3062 -3097 -3130 -3151 -3165 -3188 -3220 -3245 -3255 -3240 -3208 -3160 -3096 -3021 -2940 -2861 -2790 -2715 -2631 -2539 -2456 -2398 -2361 -2377 -2511 -2732 -2949 -3167 -3358 -3528 -3627 -3637 -3658 -3680 -3675 -3667 -3645 -3614 -3608 -3642 -3668 -3672 -3677 -3676 -3672 -3671 -3669 -3667 -3657 -3619 -3497 -3290 -3082 -2880 -2701 -2608
-3655 -3643 -3630 -3615 -3598 -3576 -3550 -3522 -3494 -3463 -3431 -3408 -3400 -3396 -3393 -3389 -3378 -3358 -3334 -3310 -3282 -3251 -3218 -3191 -3174 -3164 -3164 -3176 -3199 -3223 -3241 -3259 -3287 -3324 -3356 -3379 -3380 -3360 -3321 -3259 -3184 -3104 -3024 -2949 -2869 -2783 -2691 -2606 -2542 -2499 -2523 -2665 -2871 -3082 -3289 -3459 -3582 -3644 -3655 -3672 -3686 -3685 -3682 -3668 -3658 -3667 -3683 -3683 -3675 -3677 -3675 -3669 -3670 -3671 -3659 -3617 -3520 -3360 -3164 -2970 -2799 -2657 -2580
-3664 -3654 -3642 -3629 -3613 -3592 -3566 -3538 -3510 -3477 -3441 -3416 -3412 -3418 -3426 -3432 -3431 -3422 -3408 -3392 -3373 -3353 -3333 -3315 -3302 -3294 -3294 -3299 -3312 -3329 -3348 -3370 -3398 -3430 -3465 -3495 -3510 -3507 -3481 -3421 -3349 -3275 -3199 -3119 -3038 -2957 -2878 -2805 -2746 -2714 -2749 -2888 -3069 -3246 -3429 -3560 -3629 -3668 -3681 -3693 -3692 -3696 -3695 -3688 -3675 -3674 -3678 -3678 -3675 -3673 -3671 -3670 -3670 -3663 -3620 -3506 -3360 -3218 -3050 -2888 -2751 -2662 -2610
-3677 -3669 -3659 -3649 -3635 -3617 -3593 -3568 -3543 -3511 -3472 -3444 -3445 -3459 -3476 -3490 -3498 -3497 -3490 -3479 -3468 -3457 -3447 -3437 -3427 -3421 -3419 -3419 -3426 -3437 -3454 -3476 -3501 -3528 -3560 -3593 -3615 -3630 -3619 -3563 -3497 -3435 -3367 -3286 -3206 -3134 -3071 -3012 -2959 -2931 -2965 -3087 -3243 -3393 -3530 -3633 -3677 -3681 -3688 -3692 -3693 -3698 -3696 -3686 -3672 -3672 -3675 -3676 -3675 -3674 -3669 -3669 -3667 -3657 -3593 -3452 -3297 -3157 -3018 -2893 -2789 -2759 -2741
-3692 -3687 -3680 -3674 -3665 -3653 -3637 -3619 -3600 -3575 -3545 -3524 -3526 -3539 -3554 -3566 -3575 -3578 -3576 -3569 -3561 -3557 -3556 -3552 -3544 -3537 -3533 -3529 -3530 -3536 -3550 -3569 -3588 -3607 -3633 -3661 -3684 -3701 -3697 -3653 -3603 -3559 -3505 -3429 -3357 -3297 -3250 -3204 -3158 -3131 -3150 -3231 -3340 -3451 -3550 -3638 -3679 -3674 -3674 -3677 -3680 -3680 -3678 -3675 -3668 -3671 -3676 -3675 -3670 -3672 -3671 -3670 -3664 -3659 -3628 -3539 -3387 -3222 -3112 -3011 -2929 -2921 -2929
-3707 -3705 -3703 -3701 -3697 -3694 -3690 -3683 -3670 -3657 -3647 -3641 -3639 -3639 -3644 -3648 -3653 -3659 -3659 -3651 -3645 -3647 -3654 -3657 -3648 -3640 -3633 -3623 -3618 -3621 -3632 -3647 -3659 -3669 -3684 -3702 -3719 -3730 -3723 -3690 -3657 -3633 -3596 -3535 -3476 -3434 -3405 -3374 -3331 -3299 -3292 -3320 -3393 -3494 -3581 -3643 -3677 -3669 -3668 -3672 -3678 -3677 -3672 -3671 -3668 -3671 -3676 -3672 -3666 -3666 -3670 -3668 -3664 -3661 -3649 -3592 -3460 -3338 -3259 -3199 -3157 -3167 -3167
-3716 -3717 -3721 -3723 -3723 -3727 -3733 -3737 -3733 -3728 -3732 -3735 -3727 -3714 -3705 -3694 -3691 -3700 -3708 -3705 -3701 -3708 -3723 -3732 -3722 -3713 -3707 -3694 -3686 -3688 -3696 -3707 -3711 -3711 -3716 -3726 -3735 -3740 -3726 -3687 -3659 -3658 -3647 -3601 -3558 -3537 -3530 -3513 -3470 -3429 -3403 -3398 -3435 -3527 -3608 -3651 -3676 -3675 -3679 -3677 -3676 -3677 -3677 -3681 -3677 -3675 -3674 -3670 -3667 -3663 -3667 -3666 -3666 -3665 -3653 -3603 -3524 -3484 -3461 -3465 -3470 -3438 -3359
-3714 -3721 -3728 -3733 -3737 -3745 -3756 -3766 -3768 -3767 -3772 -3775 -3761 -3741 -3718 -3690 -3675 -3684 -3700 -3707 -3712 -3723 -3740 -3751 -3748 -3743 -3742 -3735 -3729 -3730 -3736 -3741 -3738 -3733 -3732 -3734 -3736 -3733 -3711 -3665 -3634 -3646 -3657 -3628 -3600 -3597 -3605 -3599 -3567 -3533 -3502 -3476 -3470 -3537 -3617 -3655 -3673 -3677 -3690 -3687 -3686 -3686 -3682 -3683 -3679 -3677 -3675 -3668 -3667 -3666 -3666 -3665 -3663 -3662 -3660 -3647 -3621 -3602 -3611 -3639 -3628 -3552 -3429
-3705 -3716 -3725 -3733 -3740 -3748 -3759 -3769 -3774 -3774 -3775 -3770 -3755 -3735 -3712 -3687 -3670 -3669 -3672 -3678 -3688 -3702 -3718 -3733 -3740 -3744 -3748 -3749 -3747 -3748 -3752 -3754 -3749 -3743 -3739 -3735 -3729 -3718 -3696 -3663 -3636 -3630 -3627 -3619 -3614 -3620 -3632 -3634 -3621 -3601 -3579 -3560 -3553 -3591 -3639 -3662 -3674 -3672 -3678 -3684 -3691 -3698 -3691 -3686 -3686 -3680 -3674 -3669 -3665 -3663 -3666 -3663 -3662 -3662 -3661 -3658 -3653 -3643 -3643 -3644 -3640 -3626 -3564
-3691 -3704 -3715 -3725 -3732 -3741 -3751 -3760 -3765 -3765 -3764 -3757 -3743 -3725 -3705 -3685 -3669 -3657 -3651 -3654 -3662 -3675 -3693 -3708 -3721 -3732 -3741 -3745 -3747 -3749 -3754 -3756 -3752 -3746 -3740 -3733 -3722 -3708 -3688 -3664 -3640 -3617 -3604 -3607 -3616 -3627 -3637 -3644 -3644 -3639 -3632 -3623 -3625 -3644 -3669 -3682 -3686 -3684 -3686 -3683 -3681 -3689 -3686 -3685 -3687 -3680 -3675 -3672 -3668 -3663 -3666 -3664 -3663 -3661 -3659 -3656 -3654 -3647 -3641 -3645 -3643 -3641 -3622
-3673 -3687 -3700 -3710 -3719 -3728 -3737 -3745 -3749 -3749 -3747 -3740 -3728 -3712 -3695 -3678 -3662 -3648 -3640 -3640 -3644 -3654 -3670 -3685 -3699 -3712 -3724 -3731 -3736 -3741 -3746 -3749 -3748 -3743 -3737 -3729 -3718 -3703 -3685 -3663 -3640 -3618 -3605 -3607 -3616 -3626 -3636 -3644 -3649 -3652 -3653 -3657 -3662 -3665 -3683 -3691 -3686 -3689 -3691 -3687 -3680 -3680 -3675 -3677 -3677 -3674 -3676 -3675 -3670 -3667 -3667 -3664 -3662 -3660 -3658 -3657 -3652 -3645 -3646 -3645 -3633 -3594 -3561
-3654 -3669 -3682 -3693 -3703 -3711 -3720 -3727 -3732 -3732 -3729 -3723 -3713 -3700 -3686 -3671 -3656 -3643 -3636 -3635 -3638 -3645 -3654 -3665 -3678 -3692 -3704 -3714 -3722 -3729 -3735 -3740 -3740 -3736 -3732 -3725 -3714 -3701 -3684 -3664 -3643 -3625 -3613 -3613 -3618 -3625 -3633 -3642 -3650 -3654 -3654 -3664 -3677 -3679 -3685 -3690 -3681 -3687 -3680 -3676 -3677 -3680 -3677 -3675 -3673 -3669 -3667 -3669 -3666 -3666 -3667 -3665 -3663 -3661 -3658 -3655 -3650 -3645 -3645 -3633 -3595 -3520 -3433
-3634 -3649 -3663 -3674 -3684 -3693 -3701 -3708 -3712 -3713 -3711 -3706 -3698 -3688 -3676 -3663 -3650 -3639 -3632 -3632 -3634 -3638 -3643 -3650 -3661 -3674 -3686 -3697 -3707 -3716 -3723 -3729 -3730 -3729 -3726 -3721 -3712 -3700 -3685 -3667 -3648 -3632 -3622 -3620 -3622 -3626 -3632 -3640 -3649 -3656 -3659 -3673 -3694 -3690 -3688 -3685 -3678 -3687 -3680 -3678 -3677 -3677 -3673 -3672 -3673 -3671 -3668 -3666 -3663 -3662 -3663 -3663 -3661 -3656 -3649 -3649 -3645 -3640 -3636 -3612 -3547 -3496 -3406
-3614 -3629 -3643 -3654 -3664 -3673 -3681 -3687 -3691 -3693 -3692 -3689 -3682 -3674 -3665 -3655 -3644 -3636 -3631 -3629 -3631 -3633 -3637 -3642 -3650 -3661 -3672 -3683 -3693 -3702 -3710 -3716 -3720 -3720 -3719 -3715 -3707 -3698 -3685 -3670 -3654 -3640 -3630 -3627 -3626 -3628 -3632 -3640 -3649 -3656 -3662 -3679 -3696 -3690 -3682 -3674 -3670 -3687 -3686 -3681 -3674 -3672 -3676 -3673 -3669 -3668 -3668 -3668 -3665 -3661 -3661 -3658 -3653 -3640 -3626 -3604 -3572 -3549 -3529 -3553 -3531 -3445 -3347
-3594 -3609 -3622 -3634 -3643 -3653 -3661 -3667 -3671 -3673 -3674 -3672 -3667 -3661 -3654 -3647 -3639 -3633 -3629 -3627 -3628 -3629 -3631 -3635 -3642 -3650 -3660 -3670 -3681 -3690 -3698 -3704 -3708 -3711 -3711 -3709 -3703 -3696 -3686 -3673 -3660 -3648 -3639 -3634 -3632 -3633 -3635 -3639 -3647 -3651 -3653 -3666 -3678 -3683 -3678 -3678 -3681 -3679 -3683 -3680 -3674 -3673 -3673 -3671 -3669 -3668 -3669 -3667 -3663 -3663 -3651 -3608 -3567 -3553 -3541 -3466 -3367 -3304 -3257 -3347 -3473 -3456 -3355
-3575 -3589 -3603 -3614 -3624 -3633 -3641 -3648 -3652 -3655 -3656 -3655 -3652 -3649 -3644 -3639 -3633 -3628 -3626 -3624 -3625 -3626 -3627 -3630 -3636 -3642 -3650 -3660 -3670 -3679 -3687 -3693 -3698 -3703 -3704 -3704 -3701 -3695 -3687 -3676 -3665 -3655 -3647 -3643 -3642 -3641 -3640 -3640 -3643 -3647 -3651 -3662 -3669 -3672 -3679 -3681 -3680 -3674 -3679 -3678 -3675 -3677 -3673 -3671 -3670 -3667 -3663 -3664 -3663 -3656 -3589 -3443 -3358 -3369 -3377 -3297 -3136 -3005 -2997 -3119 -3289 -3337 -3311
-3556 -3571 -3583 -3595 -3604 -3614 -3622 -3629 -3634 -3637 -3639 -3640 -3638 -3636 -3633 -3629 -3626 -3623 -3621 -3621 -3621 -3622 -3623 -3626 -3631 -3637 -3643 -3652 -3661 -3670 -3677 -3683 -3689 -3694 -3697 -3699 -3698 -3694 -3688 -3680 -3670 -3662 -3657 -3656 -3655 -3653 -3651 -3649 -3645 -3648 -3660 -3668 -3670 -3669 -3681 -3680 -3673 -3670 -3676 -3680 -3678 -3675 -3673 -3670 -3670 -3665 -3658 -3663 -3654 -3617 -3504 -3318 -3212 -3202 -3185 -3111 -2932 -2786 -2825 -2945 -3068 -3126 -3116
-3538 -3552 -3565 -3576 -3585 -3594 -3602 -3609 -3614 -3618 -3621 -3623 -3623 -3623 -3621 -3619 -3617 -3617 -3616 -3616 -3618 -3619 -3621 -3624 -3628 -3633 -3639 -3647 -3655 -3663 -3670 -3675 -3681 -3686 -3690 -3693 -3694 -3692 -3689 -3683 -3675 -3670 -3669 -3670 -3670 -3668 -3664 -3662 -3660 -3661 -3667 -3675 -3673 -3673 -3677 -3676 -3673 -3670 -3673 -3677 -3673 -3670 -3669 -3667 -3667 -3663 -3660 -3662 -3625 -3522 -3412 -3303 -3159 -3035 -2958 -2889 -2793 -2736 -2756 -2810 -2850 -2848 -2824
-3521 -3535 -3546 -3557 -3566 -3575 -3583 -3590 -3595 -3600 -3603 -3606 -3608 -3609 -3609 -3609 -3609 -3609 -3610 -3611 -3613 -3616 -3619 -3623 -3627 -3631 -3637 -3644 -3651 -3658 -3663 -3669 -3674 -3679 -3684 -3687 -3689 -3690 -3688 -3685 -3680 -3677 -3680 -3683 -3685 -3684 -3681 -3679 -3679 -3680 -3680 -3688 -3683 -3684 -3682 -3669 -3669 -3670 -3668 -3668 -3668 -3671 -3670 -3666 -3663 -3664 -3666 -3661 -3616 -3469 -3306 -3225 -3100 -2942 -2831 -2748 -2690 -2693 -2715 -2740 -2703 -2602 -2543
