toolbox/test.asc
ncols         753
nrows         438
xllcorner     19.000000
yllcorner     37.070833
cellsize      0.00416667
NODATA_value  -9999
[rows 259 to 295 of 438, columns 498 to 580 of 753]
-415 -364 -305 -252 -210 -191 -179 -159 -143 -123 -92 -75 -56 -37 -25 -21 -18 -17 -15 -14 -13 -14 -14 -14 -13 -11 -10 -9 -7 -6 -4 -3 -3 -2 -3 -2 -1 -3 -2 -3 -3 -2 1 2 3 2 3 4 5 6 7 9 10 12 14 16 17 18 20 21 23 25 29 33 38 42 46 50 55 59 62 68 77 87 95 105 123 137 164 159 131 136 157
-457 -411 -364 -306 -265 -244 -235 -213 -183 -152 -115 -91 -68 -48 -37 -30 -25 -21 -17 -15 -16 -17 -17 -17 -17 -16 -15 -14 -13 -11 -9 -8 -6 -4 -4 -3 -2 -3 -3 -3 -2 -1 -1 0 1 1 2 3 5 6 7 9 11 12 14 15 16 17 19 20 22 25 27 31 36 42 48 56 63 67 67 72 82 93 103 113 137 166 177 190 163 174 206
-515 -482 -453 -396 -334 -302 -285 -258 -213 -155 -123 -93 -72 -58 -49 -42 -35 -27 -22 -20 -21 -22 -22 -22 -20 -19 -18 -17 -17 -15 -14 -13 -11 -9 -7 -5 -4 -3 -2 -2 -1 -1 0 -1 -1 0 1 3 5 6 7 8 9 11 13 14 16 18 20 22 24 27 29 33 37 44 52 61 68 73 75 78 89 96 109 126 152 155 148 146 155 196 236
-561 -550 -532 -477 -404 -354 -321 -285 -233 -163 -131 -100 -80 -69 -61 -53 -45 -38 -34 -31 -32 -32 -32 -31 -28 -25 -24 -22 -20 -19 -18 -17 -16 -15 -13 -11 -8 -6 -4 -3 -3 -2 0 2 0 -1 0 2 3 5 6 7 9 10 13 15 16 18 21 23 26 30 33 37 41 48 57 64 70 74 79 84 91 102 121 143 135 126 146 153 176 198 186
-586 -591 -575 -524 -454 -390 -344 -303 -255 -197 -149 -113 -88 -80 -71 -62 -56 -52 -48 -46 -45 -45 -44 -43 -40 -38 -35 -31 -27 -24 -22 -21 -19 -18 -17 -16 -13 -11 -9 -7 -4 -3 -3 -2 1 -2 -2 2 2 4 4 6 8 11 13 16 18 20 23 26 29 32 36 39 43 50 56 59 61 64 68 75 85 102 117 117 105 113 124 131 136 137 143
-597 -600 -592 -552 -474 -403 -349 -314 -274 -225 -175 -131 -97 -88 -81 -73 -69 -66 -63 -60 -59 -58 -56 -54 -52 -49 -45 -41 -37 -34 -31 -28 -25 -23 -21 -20 -17 -15 -13 -12 -9 -7 -5 -3 -3 -2 -2 -1 -1 2 3 5 7 10 12 15 18 21 24 27 29 33 36 40 45 51 56 61 67 73 81 85 83 88 91 93 100 115 144 172 173 168 183
-599 -602 -597 -567 -500 -417 -353 -329 -298 -248 -201 -151 -112 -94 -89 -85 -83 -80 -77 -74 -72 -70 -68 -66 -63 -60 -56 -52 -47 -43 -40 -37 -34 -31 -28 -25 -21 -19 -17 -16 -14 -12 -10 -7 -4 -3 -2 2 4 1 2 5 7 9 12 15 17 20 22 25 28 31 35 37 42 47 51 57 64 74 83 92 102 112 120 122 118 128 145 157 168 174 189
-601 -603 -604 -586 -526 -440 -378 -351 -320 -272 -224 -174 -128 -101 -97 -95 -95 -93 -90 -87 -84 -81 -79 -77 -74 -71 -67 -62 -57 -53 -50 -47 -43 -40 -36 -32 -28 -24 -22 -20 -18 -16 -14 -12 -9 -6 -3 -3 -2 3 1 4 6 8 11 13 16 18 20 23 26 29 32 37 40 45 52 58 65 72 83 101 122 135 136 140 140 165 184 190 172 181 199
-603 -603 -605 -596 -543 -460 -405 -370 -339 -293 -246 -198 -150 -116 -107 -103 -102 -100 -98 -96 -93 -90 -87 -87 -84 -81 -77 -72 -67 -63 -60 -56 -52 -47 -44 -40 -37 -34 -30 -26 -23 -19 -17 -15 -13 -10 -7 -4 -3 -2 2 4 5 7 9 11 13 16 19 22 24 27 31 35 38 43 48 56 66 76 84 94 111 134 156 157 175 202 227 250 243 223 217
-605 -602 -601 -597 -556 -476 -417 -380 -354 -311 -265 -222 -179 -144 -125 -111 -108 -106 -105 -104 -102 -99 -97 -96 -93 -90 -86 -82 -78 -73 -70 -65 -60 -56 -52 -49 -46 -43 -39 -35 -31 -25 -21 -18 -15 -14 -11 -8 -5 -3 -2 2 3 4 6 10 12 15 18 20 23 26 30 35 40 45 53 61 71 80 86 97 111 131 142 131 142 162 186 203 198 167 188
-605 -598 -600 -595 -563 -503 -448 -408 -373 -327 -280 -238 -198 -167 -144 -126 -118 -114 -114 -114 -112 -110 -108 -105 -102 -99 -95 -92 -89 -83 -78 -75 -71 -65 -61 -57 -53 -50 -46 -42 -37 -32 -27 -22 -18 -15 -14 -12 -9 -6 -3 -2 0 1 5 8 11 14 16 20 24 29 33 38 45 51 60 68 75 81 89 94 98 109 100 100 105 118 127 139 152 192 238
-607 -596 -598 -593 -573 -528 -485 -454 -405 -350 -299 -249 -203 -174 -155 -140 -130 -127 -128 -129 -128 -129 -125 -116 -112 -108 -104 -101 -98 -94 -89 -88 -85 -77 -70 -66 -62 -57 -52 -48 -44 -38 -33 -28 -23 -19 -16 -14 -12 -9 -6 -3 -2 -1 1 6 9 12 15 20 25 31 36 40 43 50 56 58 61 69 74 73 78 93 109 122 131 141 159 146 139 155 172
-612 -598 -593 -590 -578 -551 -517 -476 -424 -369 -315 -262 -213 -187 -168 -152 -142 -140 -141 -144 -147 -148 -145 -136 -128 -119 -115 -113 -109 -105 -102 -99 -97 -90 -82 -77 -72 -66 -60 -56 -51 -45 -39 -34 -30 -24 -19 -15 -13 -11 -9 -6 -3 -2 0 5 8 11 15 19 24 28 32 35 43 51 55 60 68 72 77 84 97 122 151 132 143 187 216 222 176 190 193
-619 -603 -598 -595 -586 -567 -529 -481 -433 -383 -331 -280 -235 -208 -187 -169 -159 -156 -157 -160 -163 -165 -166 -161 -150 -138 -131 -126 -122 -117 -113 -110 -106 -100 -94 -88 -82 -76 -68 -63 -57 -51 -46 -41 -36 -29 -23 -17 -14 -13 -11 -8 -5 -3 -2 3 7 13 17 20 24 27 30 36 44 49 57 63 60 66 78 89 104 119 146 170 172 195 237 272 244 212 239
-625 -614 -608 -603 -596 -573 -529 -483 -436 -389 -345 -302 -264 -234 -210 -191 -178 -175 -176 -178 -181 -184 -185 -181 -171 -160 -149 -140 -134 -129 -125 -121 -116 -111 -104 -98 -92 -85 -76 -70 -63 -58 -53 -47 -41 -34 -27 -20 -15 -14 -12 -9 -7 -5 -3 2 7 12 16 20 25 32 37 41 44 49 49 54 67 80 83 97 117 135 154 184 218 249 274 288 200 147 165
-631 -620 -614 -608 -599 -575 -532 -489 -443 -401 -361 -324 -290 -261 -235 -213 -200 -196 -196 -198 -200 -202 -203 -198 -186 -174 -163 -154 -147 -142 -137 -132 -127 -122 -116 -108 -101 -94 -86 -79 -71 -65 -59 -53 -46 -39 -32 -24 -18 -14 -12 -10 -9 -6 -3 1 6 12 16 21 30 37 44 51 55 60 64 74 84 97 113 130 157 163 170 191 215 253 256 198 175 154 119
-637 -627 -620 -615 -606 -582 -543 -498 -456 -418 -379 -342 -312 -286 -260 -239 -224 -219 -218 -218 -218 -218 -216 -211 -200 -188 -176 -167 -160 -154 -149 -144 -138 -132 -126 -119 -112 -104 -96 -88 -79 -72 -66 -58 -51 -44 -36 -28 -20 -15 -12 -11 -9 -6 -3 -1 4 12 19 25 29 36 42 47 52 60 66 74 85 106 132 157 156 149 179 220 233 246 217 128 138 149 109
-644 -638 -625 -617 -606 -587 -553 -511 -475 -431 -388 -352 -329 -309 -286 -266 -252 -245 -242 -240 -237 -235 -231 -224 -214 -201 -190 -180 -173 -167 -161 -155 -150 -143 -135 -129 -122 -113 -104 -96 -87 -79 -71 -64 -56 -48 -39 -30 -22 -15 -13 -11 -10 -8 -4 -1 3 11 19 25 30 42 55 60 59 65 75 87 89 113 138 141 142 163 191 226 175 168 187 136 104 118 105
-653 -649 -632 -622 -609 -590 -563 -520 -475 -431 -390 -360 -345 -330 -315 -295 -281 -272 -267 -262 -257 -253 -248 -239 -227 -215 -203 -193 -185 -178 -172 -165 -158 -152 -145 -139 -131 -122 -113 -104 -94 -85 -77 -69 -60 -51 -43 -34 -25 -17 -14 -12 -10 -9 -5 -3 -2 9 16 21 28 40 50 61 72 82 87 96 98 101 116 128 138 150 184 195 157 111 117 123 91 87 82
-659 -656 -638 -624 -614 -597 -569 -517 -460 -422 -388 -367 -365 -357 -345 -325 -308 -297 -290 -283 -276 -271 -264 -254 -240 -227 -216 -205 -196 -188 -181 -174 -168 -161 -154 -147 -139 -130 -122 -112 -102 -91 -82 -74 -64 -56 -46 -36 -27 -19 -14 -12 -10 -8 -6 -4 -3 10 15 22 30 37 47 60 73 82 88 92 102 115 110 103 119 131 138 120 103 83 75 74 71 68 65
-665 -663 -643 -621 -608 -589 -564 -516 -455 -414 -385 -373 -386 -385 -369 -353 -336 -323 -314 -305 -298 -289 -279 -268 -254 -241 -230 -220 -210 -200 -191 -183 -176 -169 -162 -155 -147 -138 -129 -119 -108 -97 -88 -78 -69 -60 -49 -39 -29 -20 -13 -11 -10 -8 -5 -3 -4 9 18 26 33 40 50 60 67 74 85 93 99 96 78 86 81 72 63 54 52 52 53 56 59 57 57
-671 -663 -641 -624 -613 -593 -560 -509 -445 -403 -387 -388 -401 -395 -384 -377 -365 -348 -336 -327 -317 -305 -293 -281 -270 -259 -248 -238 -226 -215 -204 -193 -185 -178 -170 -162 -154 -145 -135 -125 -114 -103 -92 -82 -73 -64 -53 -42 -32 -22 -15 -13 -11 -8 -5 -2 0 7 16 25 34 41 51 60 68 80 87 91 91 72 56 48 40 35 34 36 37 42 45 47 50 52 56
-678 -659 -634 -625 -621 -596 -554 -498 -434 -394 -394 -407 -408 -404 -398 -400 -395 -373 -355 -344 -333 -321 -310 -299 -288 -277 -266 -255 -243 -231 -217 -204 -195 -186 -177 -169 -161 -151 -141 -131 -119 -108 -96 -86 -78 -68 -58 -48 -38 -27 -20 -17 -14 -12 -8 -4 -4 5 14 22 31 42 53 63 72 77 78 72 57 42 37 34 30 28 28 29 33 37 39 42 44 52 67
-682 -657 -640 -634 -626 -605 -559 -500 -443 -417 -416 -425 -421 -416 -413 -422 -429 -417 -397 -381 -357 -340 -327 -316 -305 -294 -284 -272 -259 -247 -232 -217 -206 -196 -187 -178 -168 -158 -148 -137 -125 -113 -100 -91 -84 -74 -64 -54 -45 -35 -28 -22 -19 -17 -12 -7 -6 -2 8 17 28 40 51 61 65 62 55 42 33 28 25 25 25 23 24 27 30 33 35 37 41 53 60
-689 -670 -656 -644 -634 -617 -581 -528 -486 -475 -459 -446 -438 -425 -424 -444 -472 -476 -464 -437 -384 -358 -342 -329 -321 -312 -302 -292 -280 -266 -249 -233 -220 -208 -197 -187 -177 -166 -156 -144 -133 -120 -107 -97 -88 -80 -71 -62 -52 -43 -34 -25 -19 -18 -15 -11 -6 -2 1 8 19 32 44 48 49 45 36 29 23 20 19 19 19 21 21 24 26 29 31 34 35 40 48
-703 -691 -672 -659 -645 -625 -596 -562 -540 -523 -496 -476 -461 -444 -454 -490 -520 -520 -507 -460 -399 -372 -355 -341 -336 -333 -329 -326 -311 -289 -268 -251 -236 -222 -207 -196 -186 -174 -162 -152 -142 -131 -118 -106 -96 -88 -78 -69 -59 -48 -38 -27 -20 -18 -16 -12 -7 -3 -1 2 10 23 35 40 39 30 20 14 11 13 14 15 16 17 19 21 23 26 29 30 31 34 40
-715 -706 -690 -677 -661 -641 -623 -602 -579 -551 -521 -501 -480 -478 -507 -547 -555 -541 -516 -469 -416 -385 -369 -360 -359 -363 -379 -394 -365 -325 -305 -287 -264 -242 -225 -213 -200 -186 -173 -161 -150 -140 -129 -117 -106 -96 -86 -76 -65 -53 -42 -31 -22 -18 -17 -13 -10 -5 -2 1 8 17 26 28 18 10 8 8 8 9 10 11 13 14 17 19 21 23 26 28 30 35 44
-724 -719 -710 -697 -682 -666 -660 -637 -601 -571 -542 -524 -515 -537 -568 -586 -573 -553 -531 -495 -449 -415 -399 -387 -385 -405 -451 -470 -426 -388 -369 -335 -297 -271 -254 -239 -227 -215 -194 -174 -160 -149 -138 -125 -114 -103 -92 -81 -69 -56 -45 -35 -26 -19 -17 -15 -11 -6 -3 6 15 15 16 15 6 5 6 6 7 8 9 10 11 13 15 18 20 22 24 26 33 60 80
-728 -731 -731 -726 -717 -703 -683 -656 -622 -590 -567 -561 -583 -613 -623 -610 -590 -583 -570 -531 -492 -466 -452 -431 -424 -462 -520 -533 -500 -481 -432 -365 -319 -302 -288 -277 -272 -260 -232 -198 -172 -155 -143 -131 -120 -107 -97 -85 -70 -54 -42 -33 -24 -17 -14 -13 -9 -6 -5 38 61 55 25 5 4 5 6 7 8 8 10 11 12 14 15 16 19 21 23 25 41 57 46
-731 -742 -753 -759 -756 -735 -702 -673 -640 -608 -594 -615 -652 -662 -661 -650 -638 -623 -583 -540 -537 -529 -510 -481 -485 -528 -572 -595 -583 -559 -491 -409 -350 -331 -323 -327 -328 -308 -283 -244 -200 -171 -152 -137 -124 -111 -101 -87 -70 -49 -38 -30 -21 -16 -12 -10 -8 -7 -5 42 58 41 14 4 5 5 6 6 7 8 9 11 12 12 14 16 18 20 21 22 23 20 18
-747 -763 -777 -786 -785 -761 -726 -697 -662 -636 -641 -668 -692 -695 -698 -695 -671 -620 -570 -559 -583 -579 -547 -518 -541 -596 -624 -639 -639 -601 -527 -447 -388 -369 -372 -385 -384 -357 -330 -295 -243 -208 -178 -152 -128 -114 -103 -89 -71 -50 -37 -25 -18 -16 -13 -10 -8 -7 0 15 29 17 6 4 7 9 10 11 11 10 11 12 13 14 15 18 20 21 20 19 18 16 13
-770 -790 -803 -810 -807 -790 -764 -731 -694 -683 -698 -718 -732 -731 -721 -703 -665 -608 -573 -591 -618 -607 -574 -550 -568 -627 -651 -661 -661 -618 -559 -513 -459 -429 -438 -452 -435 -399 -367 -328 -277 -245 -216 -179 -138 -117 -104 -90 -71 -51 -34 -21 -17 -14 -11 -10 -6 11 17 19 19 12 10 11 14 19 29 33 42 47 36 28 27 31 33 38 32 26 21 18 16 15 13
-786 -797 -810 -819 -824 -822 -806 -767 -728 -724 -747 -759 -759 -751 -729 -694 -656 -617 -607 -638 -653 -634 -604 -583 -598 -651 -675 -686 -673 -634 -621 -606 -536 -495 -504 -507 -479 -441 -400 -350 -301 -264 -229 -189 -145 -121 -107 -92 -73 -53 -34 -20 -16 -12 -8 1 10 23 23 19 17 17 14 9 12 13 18 18 23 29 23 20 31 30 25 23 19 18 23 26 19 13 12
-790 -806 -817 -827 -839 -847 -844 -809 -765 -767 -785 -787 -777 -760 -728 -687 -659 -642 -648 -676 -684 -664 -638 -620 -631 -680 -704 -706 -695 -668 -657 -631 -575 -552 -560 -551 -516 -472 -424 -370 -319 -265 -221 -180 -142 -123 -109 -93 -74 -56 -37 -23 -17 -12 -7 10 24 34 27 14 6 0 -2 -2 -1 -1 1 1 1 0 1 1 1 1 3 3 4 8 15 22 18 11 10
-782 -813 -827 -840 -852 -865 -870 -851 -822 -817 -814 -806 -791 -765 -730 -697 -684 -676 -683 -705 -713 -695 -675 -661 -664 -695 -723 -727 -721 -702 -683 -655 -622 -612 -604 -583 -538 -492 -440 -371 -313 -262 -218 -176 -143 -124 -110 -94 -76 -59 -42 -29 -19 -17 -10 0 23 24 6 0 -2 -4 -3 -4 -3 -2 -1 0 1 -2 -3 -4 -5 -5 -4 -2 0 2 4 6 8 8 8
-775 -813 -842 -862 -870 -878 -888 -889 -882 -856 -837 -829 -808 -780 -747 -724 -711 -706 -715 -736 -742 -724 -711 -696 -689 -715 -745 -754 -751 -737 -710 -679 -655 -643 -624 -598 -555 -510 -451 -374 -319 -281 -245 -198 -152 -124 -109 -94 -78 -62 -46 -31 -20 -16 -10 -6 12 5 -1 -2 -1 -3 -3 -2 -4 -2 -2 -2 -2 -2 -4 -6 -5 -5 -5 -3 -2 0 1 2 4 5 7
-777 -819 -857 -882 -892 -895 -903 -914 -911 -883 -860 -848 -833 -809 -776 -751 -737 -731 -746 -765 -766 -756 -746 -725 -713 -740 -779 -792 -788 -773 -735 -703 -680 -656 -633 -608 -570 -523 -467 -403 -347 -310 -284 -242 -179 -131 -107 -92 -78 -62 -46 -30 -19 -13 -6 -6 -8 20 2 -1 1 -1 -1 -2 -2 -2 -1 -2 -1 -3 -5 -6 -5 -6 -6 -4 -4 -3 0 2 3 4 5
