toolbox/test.asc
ncols         753
nrows         438
xllcorner     19.000000
yllcorner     37.070833
cellsize      0.00416667
NODATA_value  -9999
[rows 296 to 332 of 438, columns 83 to 165 of 753]
-3171 -3178 -3154 -3152 -3156 -3158 -3164 -3157 -3163 -3164 -3154 -3152 -3171 -3181 -3181 -3169 -3165 -3163 -3156 -3157 -3166 -3186 -3202 -3209 -3206 -3187 -3174 -3165 -3160 -3183 -3183 -3167 -3165 -3145 -3135 -3149 -3164 -3172 -3191 -3208 -3221 -3241 -3241 -3230 -3241 -3288 -3326 -3332 -3302 -3259 -3256 -3283 -3310 -3316 -3279 -3239 -3221 -3218 -3226 -3243 -3290 -3335 -3322 -3260 -3225 -3244 -3276 -3311 -3340 -3346 -3335 -3319 -3288 -3252 -3238 -3243 -3263 -3295 -3308 -3320 -3354 -3387 -3387
-3174 -3170 -3152 -3153 -3171 -3184 -3179 -3169 -3164 -3159 -3157 -3155 -3176 -3197 -3186 -3166 -3147 -3153 -3169 -3168 -3172 -3182 -3200 -3203 -3195 -3185 -3187 -3198 -3201 -3191 -3163 -3163 -3160 -3145 -3138 -3152 -3171 -3195 -3236 -3265 -3271 -3260 -3250 -3238 -3250 -3299 -3330 -3317 -3272 -3232 -3249 -3293 -3308 -3287 -3252 -3230 -3231 -3235 -3239 -3264 -3303 -3307 -3277 -3246 -3242 -3284 -3329 -3350 -3357 -3350 -3338 -3317 -3283 -3260 -3261 -3272 -3289 -3310 -3313 -3346 -3341 -3318 -3313
-3160 -3162 -3167 -3159 -3181 -3207 -3184 -3173 -3174 -3181 -3174 -3179 -3198 -3211 -3186 -3168 -3155 -3164 -3175 -3174 -3182 -3193 -3205 -3210 -3190 -3189 -3212 -3222 -3212 -3179 -3160 -3158 -3151 -3144 -3147 -3163 -3268 -3314 -3341 -3339 -3311 -3280 -3268 -3268 -3282 -3304 -3296 -3261 -3221 -3205 -3235 -3276 -3284 -3259 -3230 -3222 -3226 -3232 -3249 -3280 -3288 -3266 -3256 -3258 -3271 -3314 -3350 -3346 -3318 -3297 -3294 -3281 -3248 -3240 -3241 -3256 -3276 -3332 -3384 -3368 -3342 -3316 -3315
-3159 -3180 -3196 -3173 -3177 -3189 -3172 -3179 -3187 -3200 -3191 -3198 -3208 -3211 -3203 -3196 -3184 -3181 -3174 -3182 -3197 -3212 -3222 -3222 -3202 -3202 -3225 -3236 -3220 -3181 -3166 -3169 -3173 -3170 -3136 -3174 -3252 -3315 -3332 -3332 -3328 -3314 -3292 -3288 -3298 -3284 -3246 -3219 -3213 -3213 -3228 -3256 -3268 -3243 -3220 -3223 -3224 -3236 -3265 -3276 -3257 -3254 -3271 -3285 -3305 -3340 -3344 -3293 -3242 -3231 -3235 -3226 -3191 -3237 -3253 -3269 -3306 -3365 -3396 -3349 -3314 -3301 -3310
-3165 -3181 -3182 -3168 -3176 -3198 -3191 -3186 -3201 -3216 -3205 -3198 -3201 -3193 -3208 -3231 -3214 -3192 -3189 -3192 -3196 -3208 -3226 -3221 -3208 -3222 -3236 -3239 -3227 -3192 -3161 -3188 -3220 -3219 -3220 -3259 -3301 -3313 -3301 -3300 -3312 -3305 -3285 -3283 -3271 -3244 -3235 -3236 -3236 -3232 -3229 -3242 -3258 -3245 -3244 -3265 -3271 -3266 -3267 -3256 -3242 -3258 -3290 -3313 -3339 -3356 -3336 -3278 -3220 -3216 -3226 -3240 -3234 -3230 -3252 -3290 -3337 -3363 -3385 -3358 -3302 -3294 -3319
-3154 -3154 -3151 -3161 -3192 -3220 -3200 -3188 -3206 -3212 -3203 -3192 -3200 -3186 -3197 -3215 -3207 -3201 -3202 -3200 -3194 -3208 -3224 -3217 -3215 -3228 -3202 -3208 -3206 -3194 -3198 -3240 -3277 -3277 -3286 -3300 -3287 -3272 -3267 -3252 -3239 -3243 -3263 -3276 -3251 -3227 -3222 -3222 -3232 -3237 -3232 -3242 -3254 -3264 -3301 -3339 -3330 -3286 -3253 -3240 -3243 -3267 -3289 -3300 -3324 -3360 -3351 -3310 -3248 -3229 -3224 -3237 -3227 -3222 -3254 -3300 -3340 -3335 -3341 -3340 -3314 -3305 -3346
-3135 -3127 -3139 -3158 -3178 -3194 -3182 -3191 -3221 -3224 -3202 -3196 -3195 -3185 -3181 -3193 -3193 -3208 -3212 -3212 -3204 -3211 -3206 -3185 -3187 -3205 -3208 -3223 -3232 -3223 -3237 -3272 -3286 -3278 -3277 -3284 -3282 -3270 -3248 -3204 -3175 -3190 -3246 -3292 -3283 -3261 -3252 -3246 -3238 -3221 -3212 -3238 -3284 -3325 -3352 -3355 -3328 -3291 -3265 -3254 -3260 -3267 -3276 -3290 -3309 -3294 -3290 -3274 -3249 -3234 -3251 -3254 -3232 -3221 -3251 -3305 -3331 -3299 -3308 -3313 -3316 -3317 -3364
-3141 -3132 -3139 -3143 -3149 -3161 -3169 -3202 -3229 -3201 -3191 -3187 -3187 -3175 -3177 -3197 -3188 -3198 -3211 -3213 -3213 -3209 -3189 -3180 -3188 -3196 -3200 -3223 -3244 -3251 -3261 -3259 -3243 -3230 -3232 -3252 -3256 -3238 -3216 -3196 -3185 -3198 -3258 -3313 -3327 -3318 -3304 -3284 -3243 -3207 -3211 -3270 -3337 -3355 -3345 -3329 -3303 -3283 -3270 -3250 -3251 -3258 -3186 -3205 -3255 -3278 -3271 -3288 -3252 -3230 -3249 -3258 -3238 -3231 -3255 -3315 -3343 -3310 -3311 -3317 -3319 -3315 -3363
-3145 -3143 -3141 -3139 -3134 -3143 -3173 -3210 -3207 -3168 -3170 -3176 -3171 -3161 -3196 -3228 -3197 -3192 -3200 -3226 -3237 -3222 -3193 -3184 -3191 -3191 -3203 -3235 -3253 -3244 -3220 -3201 -3193 -3189 -3198 -3220 -3212 -3192 -3186 -3188 -3198 -3223 -3261 -3286 -3309 -3314 -3293 -3267 -3230 -3214 -3243 -3308 -3356 -3335 -3280 -3253 -3249 -3257 -3273 -3211 -3184 -3194 -3203 -3228 -3252 -3245 -3271 -3311 -3262 -3238 -3258 -3254 -3240 -3245 -3274 -3328 -3352 -3320 -3309 -3320 -3328 -3324 -3353
-3130 -3139 -3145 -3141 -3144 -3152 -3186 -3222 -3194 -3158 -3156 -3164 -3152 -3156 -3211 -3244 -3206 -3188 -3185 -3209 -3226 -3209 -3182 -3184 -3212 -3238 -3253 -3247 -3221 -3193 -3182 -3182 -3172 -3159 -3170 -3199 -3197 -3179 -3170 -3180 -3224 -3262 -3260 -3261 -3284 -3283 -3264 -3253 -3243 -3242 -3269 -3325 -3362 -3315 -3261 -3234 -3256 -3260 -3235 -3214 -3190 -3201 -3214 -3236 -3234 -3230 -3269 -3299 -3249 -3238 -3252 -3235 -3235 -3266 -3296 -3337 -3349 -3311 -3302 -3320 -3340 -3341 -3366
-3126 -3136 -3144 -3141 -3156 -3177 -3202 -3220 -3181 -3162 -3160 -3158 -3141 -3158 -3227 -3248 -3237 -3212 -3219 -3238 -3223 -3188 -3169 -3184 -3223 -3249 -3236 -3209 -3184 -3153 -3154 -3179 -3180 -3175 -3174 -3178 -3178 -3172 -3172 -3199 -3266 -3295 -3263 -3250 -3256 -3246 -3234 -3235 -3252 -3276 -3299 -3344 -3383 -3247 -3229 -3245 -3266 -3242 -3215 -3207 -3193 -3191 -3212 -3230 -3221 -3243 -3282 -3273 -3225 -3223 -3231 -3219 -3235 -3289 -3341 -3388 -3374 -3323 -3315 -3336 -3352 -3355 -3379
-3132 -3138 -3148 -3149 -3163 -3190 -3202 -3189 -3157 -3153 -3162 -3161 -3145 -3207 -3239 -3264 -3252 -3239 -3241 -3226 -3197 -3184 -3189 -3197 -3211 -3211 -3198 -3188 -3163 -3145 -3170 -3198 -3204 -3199 -3182 -3162 -3147 -3146 -3165 -3212 -3281 -3292 -3242 -3213 -3214 -3221 -3226 -3235 -3251 -3279 -3343 -3331 -3265 -3232 -3232 -3253 -3273 -3248 -3228 -3211 -3192 -3205 -3240 -3238 -3221 -3255 -3296 -3250 -3204 -3201 -3204 -3209 -3244 -3319 -3391 -3419 -3383 -3324 -3324 -3362 -3393 -3385 -3374
-3145 -3152 -3161 -3162 -3174 -3191 -3184 -3166 -3155 -3160 -3165 -3206 -3231 -3260 -3263 -3248 -3233 -3226 -3218 -3198 -3183 -3193 -3220 -3230 -3221 -3199 -3181 -3179 -3172 -3172 -3198 -3223 -3230 -3216 -3194 -3162 -3134 -3143 -3185 -3240 -3295 -3294 -3255 -3227 -3211 -3193 -3187 -3203 -3266 -3317 -3320 -3297 -3240 -3224 -3243 -3263 -3268 -3264 -3247 -3209 -3187 -3206 -3242 -3227 -3211 -3245 -3278 -3241 -3216 -3211 -3210 -3214 -3244 -3328 -3410 -3416 -3373 -3317 -3325 -3370 -3431 -3405 -3356
-3164 -3187 -3198 -3184 -3185 -3185 -3158 -3137 -3137 -3153 -3188 -3207 -3249 -3271 -3258 -3235 -3200 -3171 -3166 -3169 -3177 -3209 -3243 -3231 -3188 -3155 -3153 -3177 -3198 -3213 -3238 -3262 -3247 -3210 -3192 -3172 -3162 -3185 -3216 -3254 -3304 -3305 -3265 -3239 -3227 -3214 -3200 -3219 -3251 -3282 -3296 -3261 -3234 -3233 -3259 -3272 -3263 -3270 -3253 -3200 -3189 -3218 -3234 -3205 -3212 -3240 -3253 -3252 -3238 -3223 -3211 -3223 -3251 -3327 -3404 -3404 -3352 -3304 -3320 -3380 -3435 -3396 -3342
-3189 -3229 -3225 -3189 -3176 -3162 -3137 -3121 -3119 -3173 -3178 -3191 -3220 -3253 -3249 -3210 -3170 -3146 -3145 -3163 -3188 -3209 -3210 -3192 -3169 -3157 -3174 -3209 -3234 -3250 -3269 -3275 -3234 -3194 -3183 -3162 -3154 -3182 -3213 -3253 -3304 -3296 -3243 -3220 -3218 -3209 -3210 -3256 -3289 -3289 -3284 -3252 -3248 -3249 -3246 -3233 -3227 -3253 -3246 -3195 -3204 -3226 -3221 -3202 -3222 -3255 -3264 -3261 -3234 -3206 -3203 -3219 -3255 -3334 -3401 -3380 -3319 -3299 -3336 -3403 -3422 -3376 -3332
-3195 -3210 -3199 -3178 -3163 -3148 -3135 -3128 -3164 -3166 -3170 -3171 -3198 -3235 -3220 -3177 -3161 -3162 -3168 -3191 -3214 -3204 -3184 -3174 -3172 -3187 -3223 -3262 -3281 -3289 -3288 -3268 -3219 -3183 -3170 -3143 -3129 -3191 -3228 -3253 -3272 -3274 -3242 -3225 -3218 -3211 -3233 -3278 -3323 -3327 -3294 -3263 -3265 -3268 -3225 -3209 -3225 -3248 -3223 -3194 -3215 -3218 -3201 -3213 -3253 -3294 -3303 -3285 -3231 -3205 -3215 -3243 -3282 -3345 -3374 -3339 -3285 -3298 -3363 -3427 -3417 -3361 -3318
-3202 -3201 -3194 -3177 -3169 -3153 -3128 -3126 -3161 -3161 -3161 -3158 -3184 -3217 -3195 -3150 -3143 -3158 -3171 -3196 -3223 -3219 -3192 -3176 -3177 -3198 -3242 -3251 -3228 -3230 -3260 -3259 -3227 -3190 -3175 -3177 -3177 -3192 -3214 -3232 -3254 -3246 -3234 -3251 -3247 -3250 -3275 -3286 -3325 -3332 -3295 -3281 -3279 -3262 -3223 -3212 -3222 -3219 -3197 -3197 -3218 -3225 -3212 -3242 -3283 -3288 -3268 -3261 -3233 -3220 -3234 -3266 -3307 -3329 -3315 -3289 -3267 -3290 -3348 -3410 -3425 -3379 -3327
-3210 -3204 -3197 -3181 -3166 -3148 -3116 -3115 -3166 -3166 -3169 -3170 -3193 -3200 -3166 -3140 -3134 -3146 -3167 -3189 -3216 -3221 -3188 -3163 -3177 -3203 -3222 -3216 -3190 -3182 -3227 -3223 -3216 -3195 -3184 -3185 -3171 -3166 -3182 -3207 -3223 -3225 -3245 -3295 -3296 -3300 -3311 -3316 -3349 -3326 -3291 -3276 -3256 -3248 -3247 -3237 -3215 -3191 -3195 -3210 -3220 -3230 -3240 -3276 -3283 -3233 -3222 -3235 -3233 -3222 -3233 -3272 -3311 -3309 -3282 -3262 -3264 -3287 -3335 -3402 -3444 -3409 -3337
-3195 -3195 -3193 -3171 -3153 -3147 -3132 -3133 -3182 -3191 -3210 -3211 -3206 -3184 -3156 -3147 -3139 -3144 -3162 -3184 -3195 -3187 -3170 -3156 -3167 -3196 -3212 -3178 -3172 -3197 -3202 -3197 -3191 -3192 -3197 -3199 -3191 -3169 -3177 -3194 -3185 -3210 -3281 -3317 -3329 -3330 -3342 -3356 -3347 -3323 -3272 -3232 -3216 -3234 -3266 -3262 -3220 -3199 -3211 -3228 -3232 -3236 -3270 -3296 -3263 -3212 -3210 -3222 -3227 -3221 -3232 -3278 -3315 -3280 -3260 -3259 -3273 -3308 -3355 -3410 -3446 -3413 -3337
-3188 -3189 -3176 -3146 -3142 -3149 -3146 -3159 -3232 -3234 -3242 -3237 -3205 -3167 -3150 -3155 -3166 -3176 -3184 -3191 -3183 -3167 -3159 -3154 -3158 -3170 -3179 -3174 -3176 -3177 -3184 -3186 -3189 -3199 -3220 -3221 -3198 -3174 -3181 -3190 -3181 -3193 -3257 -3299 -3325 -3338 -3351 -3355 -3354 -3320 -3252 -3213 -3217 -3245 -3273 -3240 -3206 -3208 -3217 -3224 -3223 -3241 -3286 -3309 -3252 -3212 -3214 -3231 -3235 -3231 -3239 -3274 -3301 -3265 -3259 -3254 -3276 -3325 -3357 -3372 -3408 -3405 -3344
-3190 -3181 -3160 -3149 -3149 -3151 -3150 -3170 -3310 -3287 -3264 -3245 -3189 -3144 -3138 -3155 -3185 -3201 -3198 -3184 -3166 -3165 -3172 -3171 -3170 -3174 -3183 -3193 -3188 -3181 -3196 -3200 -3221 -3233 -3241 -3219 -3174 -3166 -3166 -3183 -3196 -3199 -3256 -3309 -3328 -3340 -3352 -3360 -3370 -3325 -3254 -3224 -3232 -3256 -3266 -3237 -3221 -3220 -3216 -3225 -3221 -3245 -3285 -3316 -3264 -3222 -3220 -3244 -3262 -3258 -3267 -3281 -3272 -3250 -3255 -3251 -3268 -3311 -3335 -3313 -3340 -3365 -3337
-3188 -3165 -3158 -3164 -3162 -3164 -3175 -3199 -3314 -3323 -3310 -3268 -3213 -3188 -3190 -3206 -3202 -3179 -3169 -3164 -3158 -3161 -3160 -3153 -3159 -3181 -3200 -3206 -3215 -3219 -3220 -3228 -3241 -3232 -3214 -3190 -3186 -3180 -3174 -3180 -3176 -3181 -3237 -3291 -3316 -3333 -3338 -3342 -3354 -3324 -3276 -3240 -3230 -3234 -3237 -3245 -3243 -3226 -3213 -3236 -3245 -3245 -3276 -3297 -3253 -3224 -3224 -3259 -3296 -3305 -3310 -3289 -3253 -3256 -3259 -3260 -3274 -3313 -3335 -3309 -3312 -3328 -3326
-3191 -3172 -3156 -3166 -3173 -3192 -3220 -3220 -3207 -3394 -3357 -3286 -3216 -3200 -3212 -3210 -3177 -3154 -3156 -3155 -3153 -3155 -3155 -3159 -3173 -3193 -3209 -3218 -3238 -3266 -3220 -3233 -3229 -3205 -3179 -3172 -3190 -3211 -3205 -3191 -3186 -3199 -3232 -3264 -3295 -3314 -3300 -3289 -3312 -3304 -3294 -3259 -3212 -3200 -3226 -3252 -3252 -3231 -3218 -3227 -3250 -3258 -3265 -3272 -3238 -3219 -3231 -3281 -3311 -3286 -3275 -3265 -3259 -3256 -3262 -3281 -3287 -3307 -3326 -3312 -3287 -3306 -3331
-3196 -3187 -3174 -3176 -3196 -3233 -3245 -3209 -3192 -3186 -3307 -3277 -3243 -3237 -3235 -3201 -3171 -3169 -3168 -3157 -3153 -3156 -3167 -3184 -3201 -3230 -3236 -3227 -3242 -3251 -3236 -3202 -3200 -3184 -3166 -3167 -3200 -3231 -3219 -3205 -3208 -3214 -3238 -3260 -3276 -3274 -3263 -3263 -3283 -3312 -3312 -3260 -3217 -3204 -3222 -3245 -3242 -3244 -3246 -3238 -3242 -3249 -3252 -3255 -3237 -3224 -3230 -3266 -3271 -3225 -3230 -3245 -3254 -3238 -3261 -3289 -3264 -3278 -3322 -3323 -3284 -3293 -3324
-3197 -3198 -3194 -3190 -3223 -3251 -3232 -3200 -3170 -3155 -3166 -3326 -3312 -3280 -3234 -3191 -3175 -3169 -3162 -3161 -3161 -3170 -3188 -3211 -3239 -3249 -3229 -3225 -3235 -3225 -3210 -3201 -3150 -3156 -3168 -3204 -3246 -3257 -3227 -3221 -3217 -3225 -3262 -3276 -3265 -3239 -3232 -3248 -3269 -3298 -3304 -3260 -3235 -3226 -3237 -3249 -3238 -3249 -3263 -3243 -3235 -3232 -3242 -3254 -3262 -3254 -3235 -3255 -3263 -3230 -3221 -3243 -3259 -3224 -3259 -3299 -3260 -3264 -3309 -3336 -3309 -3288 -3307
-3209 -3215 -3213 -3222 -3243 -3233 -3214 -3185 -3155 -3156 -3187 -3207 -3185 -3246 -3198 -3176 -3174 -3163 -3152 -3157 -3165 -3177 -3197 -3226 -3251 -3251 -3250 -3253 -3237 -3207 -3189 -3185 -3186 -3172 -3199 -3232 -3262 -3284 -3255 -3232 -3233 -3251 -3270 -3263 -3234 -3229 -3228 -3243 -3270 -3293 -3294 -3276 -3252 -3250 -3271 -3267 -3249 -3261 -3258 -3229 -3219 -3211 -3229 -3258 -3293 -3302 -3252 -3257 -3279 -3249 -3222 -3249 -3270 -3226 -3260 -3316 -3296 -3265 -3296 -3339 -3320 -3286 -3298
-3223 -3230 -3215 -3227 -3228 -3214 -3202 -3187 -3180 -3193 -3204 -3185 -3166 -3159 -3200 -3205 -3191 -3167 -3155 -3167 -3185 -3206 -3231 -3254 -3261 -3261 -3259 -3225 -3190 -3171 -3157 -3164 -3181 -3202 -3225 -3240 -3264 -3283 -3254 -3248 -3261 -3257 -3244 -3226 -3195 -3205 -3224 -3252 -3281 -3276 -3255 -3260 -3256 -3257 -3269 -3263 -3261 -3268 -3243 -3222 -3209 -3189 -3218 -3260 -3294 -3307 -3268 -3267 -3292 -3267 -3236 -3253 -3271 -3235 -3261 -3317 -3315 -3263 -3283 -3317 -3310 -3309 -3330
-3211 -3222 -3224 -3230 -3217 -3213 -3218 -3230 -3232 -3218 -3202 -3179 -3156 -3149 -3140 -3231 -3222 -3201 -3195 -3215 -3236 -3239 -3231 -3234 -3243 -3257 -3252 -3212 -3178 -3156 -3150 -3165 -3187 -3205 -3237 -3253 -3261 -3262 -3247 -3263 -3281 -3243 -3213 -3194 -3189 -3208 -3233 -3272 -3289 -3256 -3231 -3227 -3222 -3230 -3237 -3243 -3262 -3275 -3230 -3218 -3215 -3204 -3224 -3270 -3306 -3299 -3271 -3293 -3321 -3278 -3267 -3268 -3273 -3264 -3254 -3299 -3309 -3270 -3280 -3286 -3301 -3351 -3389
-3214 -3217 -3231 -3241 -3218 -3222 -3242 -3259 -3248 -3208 -3200 -3190 -3164 -3149 -3148 -3156 -3226 -3230 -3242 -3267 -3263 -3218 -3179 -3186 -3205 -3209 -3203 -3189 -3170 -3152 -3157 -3177 -3197 -3211 -3217 -3262 -3271 -3258 -3266 -3283 -3287 -3236 -3196 -3191 -3208 -3249 -3275 -3283 -3262 -3230 -3209 -3205 -3218 -3229 -3227 -3238 -3262 -3262 -3227 -3222 -3231 -3242 -3265 -3318 -3349 -3301 -3279 -3310 -3329 -3293 -3305 -3322 -3329 -3301 -3247 -3269 -3302 -3302 -3296 -3292 -3309 -3361 -3412
-3209 -3199 -3215 -3227 -3214 -3218 -3227 -3224 -3209 -3183 -3185 -3187 -3178 -3161 -3173 -3197 -3197 -3259 -3266 -3264 -3239 -3203 -3187 -3206 -3206 -3179 -3177 -3181 -3165 -3151 -3169 -3198 -3217 -3230 -3245 -3261 -3295 -3284 -3294 -3299 -3275 -3228 -3203 -3211 -3242 -3282 -3304 -3262 -3230 -3219 -3220 -3231 -3241 -3248 -3263 -3277 -3268 -3236 -3216 -3222 -3239 -3267 -3308 -3329 -3316 -3283 -3284 -3313 -3310 -3287 -3328 -3386 -3376 -3303 -3260 -3263 -3303 -3332 -3322 -3332 -3337 -3358 -3413
-3209 -3190 -3204 -3219 -3220 -3208 -3200 -3202 -3187 -3174 -3178 -3182 -3180 -3167 -3196 -3229 -3195 -3181 -3268 -3253 -3237 -3229 -3223 -3228 -3202 -3157 -3152 -3163 -3162 -3169 -3192 -3220 -3259 -3288 -3299 -3308 -3325 -3315 -3309 -3276 -3248 -3230 -3214 -3223 -3267 -3297 -3283 -3251 -3243 -3242 -3244 -3253 -3277 -3298 -3296 -3280 -3242 -3230 -3216 -3220 -3241 -3286 -3312 -3295 -3275 -3274 -3301 -3315 -3289 -3274 -3317 -3384 -3381 -3320 -3284 -3266 -3303 -3350 -3370 -3395 -3381 -3349 -3395
-3203 -3200 -3206 -3222 -3225 -3213 -3215 -3200 -3177 -3170 -3170 -3177 -3187 -3198 -3216 -3213 -3171 -3164 -3168 -3287 -3286 -3281 -3270 -3241 -3195 -3171 -3166 -3159 -3169 -3200 -3218 -3247 -3302 -3325 -3329 -3344 -3336 -3319 -3275 -3248 -3241 -3244 -3252 -3272 -3305 -3317 -3277 -3276 -3275 -3259 -3247 -3247 -3280 -3296 -3265 -3239 -3222 -3220 -3221 -3235 -3258 -3296 -3306 -3276 -3276 -3290 -3309 -3298 -3267 -3265 -3287 -3346 -3388 -3347 -3287 -3261 -3299 -3357 -3402 -3434 -3398 -3343 -3369
-3185 -3189 -3198 -3217 -3204 -3199 -3207 -3197 -3176 -3171 -3172 -3191 -3227 -3241 -3215 -3188 -3172 -3169 -3175 -3343 -3336 -3307 -3263 -3214 -3184 -3178 -3175 -3174 -3186 -3210 -3234 -3267 -3291 -3299 -3332 -3368 -3359 -3340 -3240 -3248 -3264 -3280 -3284 -3296 -3289 -3288 -3290 -3295 -3273 -3253 -3255 -3253 -3263 -3278 -3267 -3240 -3221 -3217 -3233 -3269 -3300 -3312 -3312 -3287 -3286 -3297 -3299 -3282 -3259 -3246 -3265 -3328 -3394 -3354 -3286 -3280 -3313 -3354 -3377 -3403 -3376 -3338 -3349
-3187 -3191 -3205 -3225 -3205 -3195 -3200 -3190 -3176 -3183 -3190 -3221 -3248 -3238 -3207 -3185 -3192 -3201 -3207 -3231 -3234 -3292 -3237 -3195 -3177 -3169 -3170 -3188 -3207 -3228 -3258 -3301 -3299 -3279 -3316 -3368 -3374 -3343 -3313 -3221 -3260 -3281 -3270 -3252 -3250 -3266 -3299 -3307 -3288 -3290 -3283 -3261 -3272 -3300 -3292 -3257 -3235 -3236 -3275 -3328 -3346 -3327 -3301 -3292 -3297 -3314 -3299 -3261 -3241 -3237 -3273 -3344 -3402 -3375 -3323 -3315 -3338 -3365 -3367 -3397 -3369 -3340 -3344
-3210 -3220 -3234 -3240 -3205 -3184 -3186 -3174 -3171 -3193 -3204 -3215 -3223 -3208 -3206 -3209 -3232 -3236 -3234 -3247 -3221 -3195 -3208 -3190 -3194 -3199 -3183 -3175 -3195 -3231 -3273 -3323 -3323 -3295 -3317 -3354 -3344 -3284 -3215 -3211 -3225 -3233 -3250 -3263 -3258 -3256 -3273 -3302 -3324 -3324 -3299 -3283 -3309 -3327 -3308 -3277 -3254 -3268 -3307 -3338 -3336 -3331 -3324 -3316 -3329 -3332 -3281 -3243 -3236 -3246 -3308 -3383 -3405 -3382 -3349 -3328 -3347 -3372 -3390 -3407 -3376 -3342 -3344
-3241 -3249 -3248 -3235 -3204 -3180 -3176 -3172 -3192 -3212 -3224 -3223 -3212 -3200 -3208 -3237 -3275 -3259 -3243 -3241 -3221 -3197 -3201 -3204 -3213 -3221 -3209 -3195 -3207 -3237 -3278 -3334 -3342 -3303 -3293 -3293 -3269 -3233 -3194 -3175 -3225 -3237 -3287 -3315 -3294 -3270 -3269 -3309 -3336 -3301 -3296 -3323 -3329 -3296 -3276 -3268 -3268 -3283 -3294 -3302 -3331 -3341 -3338 -3344 -3333 -3303 -3279 -3252 -3234 -3261 -3327 -3373 -3387 -3360 -3346 -3338 -3368 -3393 -3392 -3384 -3377 -3364 -3363
-3244 -3260 -3239 -3222 -3199 -3190 -3191 -3193 -3217 -3220 -3219 -3220 -3198 -3194 -3205 -3236 -3257 -3226 -3217 -3234 -3252 -3226 -3225 -3271 -3245 -3226 -3216 -3202 -3200 -3227 -3272 -3339 -3367 -3319 -3268 -3232 -3215 -3222 -3229 -3231 -3250 -3279 -3327 -3328 -3300 -3275 -3274 -3305 -3331 -3314 -3318 -3329 -3291 -3252 -3253 -3269 -3268 -3266 -3269 -3291 -3321 -3317 -3296 -3303 -3300 -3297 -3287 -3260 -3254 -3284 -3324 -3363 -3382 -3341 -3339 -3355 -3382 -3393 -3356 -3345 -3378 -3401 -3387
